  7.6000000e+001  1.0690665e-002
  7.7000000e+001  1.0658754e-002
  7.8000000e+001  1.0626842e-002
  7.9000000e+001  1.0594932e-002
  8.0000000e+001  1.0563024e-002
  8.1000000e+001  1.0531120e-002
  8.2000000e+001  1.0499221e-002
  8.3000000e+001  1.0467329e-002
  8.4000000e+001  1.0435447e-002
  8.5000000e+001  1.0403576e-002
  8.6000000e+001  1.0371720e-002
  8.7000000e+001  1.0339881e-002
  8.8000000e+001  1.0308061e-002
  8.9000000e+001  1.0276265e-002
  9.0000000e+001  1.0244494e-002
  9.1000000e+001  1.0212752e-002
  9.2000000e+001  1.0181043e-002
  9.3000000e+001  1.0149370e-002
  9.4000000e+001  1.0117737e-002
  9.5000000e+001  1.0086146e-002
  9.6000000e+001  1.0054602e-002
  9.7000000e+001  1.0023109e-002
  9.8000000e+001  9.9916695e-003
  9.9000000e+001  9.9602880e-003
  1.0000000e+002  9.9289684e-003
  1.0100000e+002  9.8977144e-003
  1.0200000e+002  9.8665301e-003
  1.0300000e+002  9.8354195e-003
  1.0400000e+002  9.8043866e-003
  1.0500000e+002  9.7734356e-003
  1.0600000e+002  9.7425706e-003
  1.0700000e+002  9.7117960e-003
  1.0800000e+002  9.6811159e-003
  1.0900000e+002  9.6505349e-003
  1.1000000e+002  9.6200573e-003
  1.1100000e+002  9.5896878e-003
  1.1200000e+002  9.5594309e-003
  1.1300000e+002  9.5292915e-003
  1.1400000e+002  9.4992744e-003
  1.1500000e+002  9.4693846e-003
  1.1600000e+002  9.4396272e-003
  1.1700000e+002  9.4100076e-003
  1.1800000e+002  9.3805310e-003
  1.1900000e+002  9.3512032e-003
  1.2000000e+002  9.3220298e-003
  1.2100000e+002  9.2930167e-003
  1.2200000e+002  9.2641702e-003
  1.2300000e+002  9.2354965e-003
  1.2400000e+002  9.2070022e-003
  1.2500000e+002  9.1786940e-003
  1.2600000e+002  9.1505789e-003
  1.2700000e+002  9.1226642e-003
  1.2800000e+002  9.0949574e-003
  1.2900000e+002  9.0674662e-003
  1.3000000e+002  9.0401987e-003
  1.3100000e+002  9.0131631e-003
  1.3200000e+002  8.9863682e-003
  1.3300000e+002  8.9598227e-003
  1.3400000e+002  8.9335360e-003
  1.3500000e+002  8.9075174e-003
  1.3600000e+002  8.8817765e-003
  1.3700000e+002  8.8563219e-003
  1.3800000e+002  8.8311607e-003
  1.3900000e+002  8.8062992e-003
  1.4000000e+002  8.7817423e-003
  1.4100000e+002  8.7574943e-003
  1.4200000e+002  8.7335579e-003
  1.4300000e+002  8.7099352e-003
  1.4400000e+002  8.6866269e-003
  1.4500000e+002  8.6636330e-003
  1.4600000e+002  8.6409525e-003
  1.4700000e+002  8.6185836e-003
  1.4800000e+002  8.5965240e-003
  1.4900000e+002  8.5747704e-003
  1.5000000e+002  8.5533193e-003
  1.5100000e+002  8.5321663e-003
  1.5200000e+002  8.5113067e-003
  1.5300000e+002  8.4907355e-003
  1.5400000e+002  8.4704470e-003
  1.5500000e+002  8.4504356e-003
  1.5600000e+002  8.4306951e-003
  1.5700000e+002  8.4112191e-003
  1.5800000e+002  8.3920012e-003
  1.5900000e+002  8.3730346e-003
  1.6000000e+002  8.3543127e-003
  1.6100000e+002  8.3358284e-003
  1.6200000e+002  8.3175748e-003
  1.6300000e+002  8.2995451e-003
  1.6400000e+002  8.2817322e-003
  1.6500000e+002  8.2641293e-003
  1.6600000e+002  8.2467293e-003
  1.6700000e+002  8.2295256e-003
  1.6800000e+002  8.2125113e-003
  1.6900000e+002  8.1956799e-003
  1.7000000e+002  8.1790249e-003
  1.7100000e+002  8.1625399e-003
  1.7200000e+002  8.1462186e-003
  1.7300000e+002  8.1300551e-003
  1.7400000e+002  8.1140435e-003
  1.7500000e+002  8.0981779e-003
  1.7600000e+002  8.0824530e-003
  1.7700000e+002  8.0668635e-003
  1.7800000e+002  8.0514040e-003
  1.7900000e+002  8.0360699e-003
  1.8000000e+002  8.0208562e-003
  1.8100000e+002  8.0057586e-003
  1.8200000e+002  7.9907726e-003
  1.8300000e+002  7.9758943e-003
  1.8400000e+002  7.9611198e-003
  1.8500000e+002  7.9464453e-003
  1.8600000e+002  7.9318674e-003
  1.8700000e+002  7.9173829e-003
  1.8800000e+002  7.9029888e-003
  1.8900000e+002  7.8886821e-003
  1.9000000e+002  7.8744603e-003
  1.9100000e+002  7.8603209e-003
  1.9200000e+002  7.8462617e-003
  1.9300000e+002  7.8322806e-003
  1.9400000e+002  7.8183757e-003
  1.9500000e+002  7.8045454e-003
  1.9600000e+002  7.7907881e-003
  1.9700000e+002  7.7771026e-003
  1.9800000e+002  7.7634875e-003
  1.9900000e+002  7.7499419e-003
  2.0000000e+002  7.7364650e-003
  2.0100000e+002  7.7230560e-003
  2.0200000e+002  7.7097143e-003
  2.0300000e+002  7.6964396e-003
  2.0400000e+002  7.6832314e-003
  2.0500000e+002  7.6700897e-003
  2.0600000e+002  7.6570143e-003
  2.0700000e+002  7.6440054e-003
  2.0800000e+002  7.6310630e-003
  2.0900000e+002  7.6181875e-003
  2.1000000e+002  7.6053792e-003
  2.1100000e+002  7.5926385e-003
  2.1200000e+002  7.5799660e-003
  2.1300000e+002  7.5673622e-003
  2.1400000e+002  7.5548279e-003
  2.1500000e+002  7.5423638e-003
  2.1600000e+002  7.5299706e-003
  2.1700000e+002  7.5176493e-003
  2.1800000e+002  7.5054008e-003
  2.1900000e+002  7.4932259e-003
  2.2000000e+002  7.4811258e-003
  2.2100000e+002  7.4691013e-003
  2.2200000e+002  7.4571535e-003
  2.2300000e+002  7.4452836e-003
  2.2400000e+002  7.4334926e-003
  2.2500000e+002  7.4217816e-003
  2.2600000e+002  7.4101516e-003
  2.2700000e+002  7.3986039e-003
  2.2800000e+002  7.3871396e-003
  2.2900000e+002  7.3757596e-003
  2.3000000e+002  7.3644652e-003
  2.3100000e+002  7.3532574e-003
  2.3200000e+002  7.3421373e-003
  2.3300000e+002  7.3311060e-003
  2.3400000e+002  7.3201644e-003
  2.3500000e+002  7.3093135e-003
  2.3600000e+002  7.2985543e-003
  2.3700000e+002  7.2878878e-003
  2.3800000e+002  7.2773149e-003
  2.3900000e+002  7.2668363e-003
  2.4000000e+002  7.2564529e-003
  2.4100000e+002  7.2461654e-003
  2.4200000e+002  7.2359746e-003
  2.4300000e+002  7.2258811e-003
  2.4400000e+002  7.2158856e-003
  2.4500000e+002  7.2059885e-003
  2.4600000e+002  7.1961904e-003
  2.4700000e+002  7.1864918e-003
  2.4800000e+002  7.1768929e-003
  2.4900000e+002  7.1673942e-003
  2.5000000e+002  7.1579959e-003
  2.5100000e+002  7.1486981e-003
  2.5200000e+002  7.1395011e-003
  2.5300000e+002  7.1304048e-003
  2.5400000e+002  7.1214093e-003
  2.5500000e+002  7.1125146e-003
  2.5600000e+002  7.1037206e-003
  2.5700000e+002  7.0950270e-003
  2.5800000e+002  7.0864336e-003
  2.5900000e+002  7.0779402e-003
  2.6000000e+002  7.0695464e-003
  2.6100000e+002  7.0612518e-003
  2.6200000e+002  7.0530560e-003
  2.6300000e+002  7.0449583e-003
  2.6400000e+002  7.0369584e-003
  2.6500000e+002  7.0290555e-003
  2.6600000e+002  7.0212491e-003
  2.6700000e+002  7.0135383e-003
  2.6800000e+002  7.0059225e-003
  2.6900000e+002  6.9984010e-003
  2.7000000e+002  6.9909728e-003
  2.7100000e+002  6.9836371e-003
  2.7200000e+002  6.9763930e-003
  2.7300000e+002  6.9692397e-003
  2.7400000e+002  6.9621761e-003
  2.7500000e+002  6.9552013e-003
  2.7600000e+002  6.9483143e-003
  2.7700000e+002  6.9415140e-003
  2.7800000e+002  6.9347994e-003
  2.7900000e+002  6.9281695e-003
  2.8000000e+002  6.9216232e-003
  2.8100000e+002  6.9151594e-003
  2.8200000e+002  6.9087770e-003
  2.8300000e+002  6.9024748e-003
  2.8400000e+002  6.8962519e-003
  2.8500000e+002  6.8901070e-003
  2.8600000e+002  6.8840390e-003
  2.8700000e+002  6.8780469e-003
  2.8800000e+002  6.8721295e-003
  2.8900000e+002  6.8662857e-003
  2.9000000e+002  6.8605145e-003
  2.9100000e+002  6.8548146e-003
  2.9200000e+002  6.8491851e-003
  2.9300000e+002  6.8436248e-003
  2.9400000e+002  6.8381328e-003
  2.9500000e+002  6.8327079e-003
  2.9600000e+002  6.8273491e-003
  2.9700000e+002  6.8220555e-003
  2.9800000e+002  6.8168260e-003
  2.9900000e+002  6.8116597e-003
  3.0000000e+002  6.8065556e-003
  3.0100000e+002  6.8015129e-003
  3.0200000e+002  6.7965305e-003
  3.0300000e+002  6.7916076e-003
  3.0400000e+002  6.7867434e-003
  3.0500000e+002  6.7819371e-003
  3.0600000e+002  6.7771878e-003
  3.0700000e+002  6.7724948e-003
  3.0800000e+002  6.7678573e-003
  3.0900000e+002  6.7632746e-003
  3.1000000e+002  6.7587459e-003
  3.1100000e+002  6.7542707e-003
  3.1200000e+002  6.7498482e-003
  3.1300000e+002  6.7454779e-003
  3.1400000e+002  6.7411591e-003
  3.1500000e+002  6.7368913e-003
  3.1600000e+002  6.7326739e-003
  3.1700000e+002  6.7285063e-003
  3.1800000e+002  6.7243881e-003
  3.1900000e+002  6.7203188e-003
  3.2000000e+002  6.7162980e-003
  3.2100000e+002  6.7123251e-003
  3.2200000e+002  6.7083998e-003
  3.2300000e+002  6.7045217e-003
  3.2400000e+002  6.7006903e-003
  3.2500000e+002  6.6969054e-003
  3.2600000e+002  6.6931666e-003
  3.2700000e+002  6.6894735e-003
  3.2800000e+002  6.6858259e-003
  3.2900000e+002  6.6822235e-003
  3.3000000e+002  6.6786659e-003
  3.3100000e+002  6.6751530e-003
  3.3200000e+002  6.6716844e-003
  3.3300000e+002  6.6682601e-003
  3.3400000e+002  6.6648796e-003
  3.3500000e+002  6.6615429e-003
  3.3600000e+002  6.6582497e-003
  3.3700000e+002  6.6549998e-003
  3.3800000e+002  6.6517931e-003
  3.3900000e+002  6.6486294e-003
  3.4000000e+002  6.6455086e-003
  3.4100000e+002  6.6424305e-003
  3.4200000e+002  6.6393949e-003
  3.4300000e+002  6.6364018e-003
  3.4400000e+002  6.6334511e-003
  3.4500000e+002  6.6305425e-003
  3.4600000e+002  6.6276760e-003
  3.4700000e+002  6.6248516e-003
  3.4800000e+002  6.6220690e-003
  3.4900000e+002  6.6193282e-003
  3.5000000e+002  6.6166292e-003
  3.5100000e+002  6.6139718e-003
  3.5200000e+002  6.6113560e-003
  3.5300000e+002  6.6087816e-003
  3.5400000e+002  6.6062487e-003
  3.5500000e+002  6.6037570e-003
  3.5600000e+002  6.6013067e-003
  3.5700000e+002  6.5988976e-003
  3.5800000e+002  6.5965296e-003
  3.5900000e+002  6.5942026e-003
  3.6000000e+002  6.5919167e-003
  3.6100000e+002  6.5896718e-003
  3.6200000e+002  6.5874677e-003
  3.6300000e+002  6.5853045e-003
  3.6400000e+002  6.5831820e-003
  3.6500000e+002  6.5811002e-003
  3.6600000e+002  6.5790591e-003
  3.6700000e+002  6.5770586e-003
  3.6800000e+002  6.5750986e-003
  3.6900000e+002  6.5731790e-003
  3.7000000e+002  6.5712999e-003
  3.7100000e+002  6.5694611e-003
  3.7200000e+002  6.5676625e-003
  3.7300000e+002  6.5659042e-003
  3.7400000e+002  6.5641860e-003
  3.7500000e+002  6.5625078e-003
  3.7600000e+002  6.5608696e-003
  3.7700000e+002  6.5592713e-003
  3.7800000e+002  6.5577129e-003
  3.7900000e+002  6.5561942e-003
  3.8000000e+002  6.5547152e-003
  3.8100000e+002  6.5532758e-003
  3.8200000e+002  6.5518759e-003
  3.8300000e+002  6.5505154e-003
  3.8400000e+002  6.5491942e-003
  3.8500000e+002  6.5479122e-003
  3.8600000e+002  6.5466694e-003
  3.8700000e+002  6.5454656e-003
  3.8800000e+002  6.5443008e-003
  3.8900000e+002  6.5431747e-003
  3.9000000e+002  6.5420874e-003
  3.9100000e+002  6.5410387e-003
  3.9200000e+002  6.5400285e-003
  3.9300000e+002  6.5390567e-003
  3.9400000e+002  6.5381232e-003
  3.9500000e+002  6.5372278e-003
  3.9600000e+002  6.5363704e-003
  3.9700000e+002  6.5355509e-003
  3.9800000e+002  6.5347691e-003
  3.9900000e+002  6.5340250e-003
  4.0000000e+002  6.5333184e-003
  4.0100000e+002  6.5326491e-003
  4.0200000e+002  6.5320171e-003
  4.0300000e+002  6.5314221e-003
  4.0400000e+002  6.5308640e-003
  4.0500000e+002  6.5303428e-003
  4.0600000e+002  6.5298581e-003
  4.0700000e+002  6.5294099e-003
  4.0800000e+002  6.5289980e-003
  4.0900000e+002  6.5286223e-003
  4.1000000e+002  6.5282826e-003
  4.1100000e+002  6.5279787e-003
  4.1200000e+002  6.5277105e-003
  4.1300000e+002  6.5274778e-003
  4.1400000e+002  6.5272804e-003
  4.1500000e+002  6.5271182e-003
  4.1600000e+002  6.5269910e-003
  4.1700000e+002  6.5268987e-003
  4.1800000e+002  6.5268410e-003
  4.1900000e+002  6.5268177e-003
  4.2000000e+002  6.5268288e-003
  4.2100000e+002  6.5268740e-003
  4.2200000e+002  6.5269531e-003
  4.2300000e+002  6.5270661e-003
  4.2400000e+002  6.5272126e-003
  4.2500000e+002  6.5273925e-003
  4.2600000e+002  6.5276057e-003
  4.2700000e+002  6.5278519e-003
  4.2800000e+002  6.5281310e-003
  4.2900000e+002  6.5284428e-003
  4.3000000e+002  6.5287871e-003
  4.3100000e+002  6.5291637e-003
  4.3200000e+002  6.5295725e-003
  4.3300000e+002  6.5300133e-003
  4.3400000e+002  6.5304858e-003
  4.3500000e+002  6.5309899e-003
  4.3600000e+002  6.5315254e-003
  4.3700000e+002  6.5320922e-003
  4.3800000e+002  6.5326900e-003
  4.3900000e+002  6.5333187e-003
  4.4000000e+002  6.5339780e-003
  4.4100000e+002  6.5346678e-003
  4.4200000e+002  6.5353880e-003
  4.4300000e+002  6.5361383e-003
  4.4400000e+002  6.5369185e-003
  4.4500000e+002  6.5377284e-003
  4.4600000e+002  6.5385679e-003
  4.4700000e+002  6.5394368e-003
  4.4800000e+002  6.5403349e-003
  4.4900000e+002  6.5412620e-003
  4.5000000e+002  6.5422179e-003
  4.5100000e+002  6.5432023e-003
  4.5200000e+002  6.5442152e-003
  4.5300000e+002  6.5452563e-003
  4.5400000e+002  6.5463255e-003
  4.5500000e+002  6.5474224e-003
  4.5600000e+002  6.5485470e-003
  4.5700000e+002  6.5496990e-003
  4.5800000e+002  6.5508782e-003
  4.5900000e+002  6.5520843e-003
  4.6000000e+002  6.5533173e-003
  4.6100000e+002  6.5545767e-003
  4.6200000e+002  6.5558626e-003
  4.6300000e+002  6.5571745e-003
  4.6400000e+002  6.5585123e-003
  4.6500000e+002  6.5598757e-003
  4.6600000e+002  6.5612645e-003
  4.6700000e+002  6.5626784e-003
  4.6800000e+002  6.5641172e-003
  4.6900000e+002  6.5655806e-003
  4.7000000e+002  6.5670684e-003
  4.7100000e+002  6.5685802e-003
  4.7200000e+002  6.5701158e-003
  4.7300000e+002  6.5716748e-003
  4.7400000e+002  6.5732570e-003
  4.7500000e+002  6.5748621e-003
  4.7600000e+002  6.5764897e-003
  4.7700000e+002  6.5781395e-003
  4.7800000e+002  6.5798111e-003
  4.7900000e+002  6.5815042e-003
  4.8000000e+002  6.5832184e-003
  4.8100000e+002  6.5849534e-003
  4.8200000e+002  6.5867086e-003
  4.8300000e+002  6.5884837e-003
  4.8400000e+002  6.5902783e-003
  4.8500000e+002  6.5920919e-003
  4.8600000e+002  6.5939241e-003
  4.8700000e+002  6.5957744e-003
  4.8800000e+002  6.5976422e-003
  4.8900000e+002  6.5995272e-003
  4.9000000e+002  6.6014286e-003
  4.9100000e+002  6.6033461e-003
  4.9200000e+002  6.6052790e-003
  4.9300000e+002  6.6072267e-003
  4.9400000e+002  6.6091886e-003
  4.9500000e+002  6.6111642e-003
  4.9600000e+002  6.6131527e-003
  4.9700000e+002  6.6151534e-003
  4.9800000e+002  6.6171658e-003
  4.9900000e+002  6.6191890e-003
  5.0000000e+002  6.6212223e-003
  5.0100000e+002  6.6232650e-003
  5.0200000e+002  6.6253163e-003
  5.0300000e+002  6.6273754e-003
  5.0400000e+002  6.6294414e-003
  5.0500000e+002  6.6315136e-003
  5.0600000e+002  6.6335910e-003
  5.0700000e+002  6.6356728e-003
  5.0800000e+002  6.6377581e-003
  5.0900000e+002  6.6398458e-003
  5.1000000e+002  6.6419352e-003
  5.1100000e+002  6.6440251e-003
  5.1200000e+002  6.6461146e-003
  5.1300000e+002  6.6482028e-003
  5.1400000e+002  6.6502885e-003
  5.1500000e+002  6.6523707e-003
  5.1600000e+002  6.6544483e-003
  5.1700000e+002  6.6565204e-003
  5.1800000e+002  6.6585857e-003
  5.1900000e+002  6.6606431e-003
  5.2000000e+002  6.6626916e-003
  5.2100000e+002  6.6647300e-003
  5.2200000e+002  6.6667570e-003
  5.2300000e+002  6.6687716e-003
  5.2400000e+002  6.6707726e-003
  5.2500000e+002  6.6727587e-003
  5.2600000e+002  6.6747287e-003
  5.2700000e+002  6.6766815e-003
  5.2800000e+002  6.6786156e-003
  5.2900000e+002  6.6805301e-003
  5.3000000e+002  6.6824234e-003
  5.3100000e+002  6.6842945e-003
  5.3200000e+002  6.6861419e-003
  5.3300000e+002  6.6879645e-003
  5.3400000e+002  6.6897609e-003
  5.3500000e+002  6.6915299e-003
  5.3600000e+002  6.6932700e-003
  5.3700000e+002  6.6949801e-003
  5.3800000e+002  6.6966587e-003
  5.3900000e+002  6.6983045e-003
  5.4000000e+002  6.6999163e-003
  5.4100000e+002  6.7014927e-003
  5.4200000e+002  6.7030322e-003
  5.4300000e+002  6.7045337e-003
  5.4400000e+002  6.7059957e-003
  5.4500000e+002  6.7074168e-003
  5.4600000e+002  6.7087958e-003
  5.4700000e+002  6.7101312e-003
  5.4800000e+002  6.7114218e-003
  5.4900000e+002  6.7126661e-003
  5.5000000e+002  6.7138627e-003
  5.5100000e+002  6.7150104e-003
  5.5200000e+002  6.7161078e-003
  5.5300000e+002  6.7171534e-003
  5.5400000e+002  6.7181460e-003
  5.5500000e+002  6.7190842e-003
  5.5600000e+002  6.7199665e-003
  5.5700000e+002  6.7207918e-003
  5.5800000e+002  6.7215585e-003
  5.5900000e+002  6.7222655e-003
  5.6000000e+002  6.7229112e-003
  5.6100000e+002  6.7234944e-003
  5.6200000e+002  6.7240138e-003
  5.6300000e+002  6.7244680e-003
  5.6400000e+002  6.7248557e-003
  5.6500000e+002  6.7251756e-003
  5.6600000e+002  6.7254263e-003
  5.6700000e+002  6.7256066e-003
  5.6800000e+002  6.7257151e-003
  5.6900000e+002  6.7257507e-003
  5.7000000e+002  6.7257119e-003
  5.7100000e+002  6.7255975e-003
  5.7200000e+002  6.7254063e-003
  5.7300000e+002  6.7251370e-003
  5.7400000e+002  6.7247883e-003
  5.7500000e+002  6.7243591e-003
  5.7600000e+002  6.7238481e-003
  5.7700000e+002  6.7232542e-003
  5.7800000e+002  6.7225760e-003
  5.7900000e+002  6.7218125e-003
  5.8000000e+002  6.7209625e-003
  5.8100000e+002  6.7200248e-003
  5.8200000e+002  6.7189983e-003
  5.8300000e+002  6.7178819e-003
  5.8400000e+002  6.7166745e-003
  5.8500000e+002  6.7153750e-003
  5.8600000e+002  6.7139823e-003
  5.8700000e+002  6.7124954e-003
  5.8800000e+002  6.7109132e-003
  5.8900000e+002  6.7092348e-003
  5.9000000e+002  6.7074591e-003
  5.9100000e+002  6.7055852e-003
  5.9200000e+002  6.7036121e-003
  5.9300000e+002  6.7015389e-003
  5.9400000e+002  6.6993647e-003
  5.9500000e+002  6.6970886e-003
  5.9600000e+002  6.6947097e-003
  5.9700000e+002  6.6922272e-003
  5.9800000e+002  6.6896403e-003
  5.9900000e+002  6.6869481e-003
  6.0000000e+002  6.6841499e-003
  6.0100000e+002  6.6812449e-003
  6.0200000e+002  6.6782324e-003
  6.0300000e+002  6.6751118e-003
  6.0400000e+002  6.6718822e-003
  6.0500000e+002  6.6685431e-003
  6.0600000e+002  6.6650937e-003
  6.0700000e+002  6.6615336e-003
  6.0800000e+002  6.6578620e-003
  6.0900000e+002  6.6540784e-003
  6.1000000e+002  6.6501822e-003
  6.1100000e+002  6.6461730e-003
  6.1200000e+002  6.6420501e-003
  6.1300000e+002  6.6378130e-003
  6.1400000e+002  6.6334614e-003
  6.1500000e+002  6.6289947e-003
  6.1600000e+002  6.6244124e-003
  6.1700000e+002  6.6197142e-003
  6.1800000e+002  6.6148996e-003
  6.1900000e+002  6.6099682e-003
  6.2000000e+002  6.6049197e-003
  6.2100000e+002  6.5997536e-003
  6.2200000e+002  6.5944696e-003
  6.2300000e+002  6.5890674e-003
  6.2400000e+002  6.5835465e-003
  6.2500000e+002  6.5779068e-003
  6.2600000e+002  6.5721478e-003
  6.2700000e+002  6.5662693e-003
  6.2800000e+002  6.5602710e-003
  6.2900000e+002  6.5541526e-003
  6.3000000e+002  6.5479138e-003
  6.3100000e+002  6.5415543e-003
  6.3200000e+002  6.5350740e-003
  6.3300000e+002  6.5284725e-003
  6.3400000e+002  6.5217497e-003
  6.3500000e+002  6.5149052e-003
  6.3600000e+002  6.5079389e-003
  6.3700000e+002  6.5008505e-003
  6.3800000e+002  6.4936398e-003
  6.3900000e+002  6.4863066e-003
  6.4000000e+002  6.4788507e-003
  6.4100000e+002  6.4712719e-003
  6.4200000e+002  6.4635701e-003
  6.4300000e+002  6.4557449e-003
  6.4400000e+002  6.4477963e-003
  6.4500000e+002  6.4397241e-003
  6.4600000e+002  6.4315280e-003
  6.4700000e+002  6.4232080e-003
  6.4800000e+002  6.4147639e-003
  6.4900000e+002  6.4061954e-003
  6.5000000e+002  6.3975025e-003
  6.5100000e+002  6.3886850e-003
  6.5200000e+002  6.3797428e-003
  6.5300000e+002  6.3706757e-003
  6.5400000e+002  6.3614837e-003
  6.5500000e+002  6.3521665e-003
  6.5600000e+002  6.3427241e-003
  6.5700000e+002  6.3331564e-003
  6.5800000e+002  6.3234633e-003
  6.5900000e+002  6.3136447e-003
  6.6000000e+002  6.3037005e-003
  6.6100000e+002  6.2936306e-003
  6.6200000e+002  6.2834350e-003
  6.6300000e+002  6.2731136e-003
  6.6400000e+002  6.2626664e-003
  6.6500000e+002  6.2520934e-003
  6.6600000e+002  6.2413946e-003
  6.6700000e+002  6.2305699e-003
  6.6800000e+002  6.2196193e-003
  6.6900000e+002  6.2085430e-003
  6.7000000e+002  6.1973409e-003
  6.7100000e+002  6.1860130e-003
  6.7200000e+002  6.1745596e-003
  6.7300000e+002  6.1629807e-003
  6.7400000e+002  6.1512763e-003
  6.7500000e+002  6.1394466e-003
  6.7600000e+002  6.1274919e-003
  6.7700000e+002  6.1154122e-003
  6.7800000e+002  6.1032077e-003
  6.7900000e+002  6.0908788e-003
  6.8000000e+002  6.0784256e-003
  6.8100000e+002  6.0658484e-003
  6.8200000e+002  6.0531475e-003
  6.8300000e+002  6.0403232e-003
  6.8400000e+002  6.0273760e-003
  6.8500000e+002  6.0143062e-003
  6.8600000e+002  6.0011142e-003
  6.8700000e+002  5.9878004e-003
  6.8800000e+002  5.9743654e-003
  6.8900000e+002  5.9608096e-003
  6.9000000e+002  5.9471337e-003
  6.9100000e+002  5.9333382e-003
  6.9200000e+002  5.9194236e-003
  6.9300000e+002  5.9053907e-003
  6.9400000e+002  5.8912402e-003
  6.9500000e+002  5.8769727e-003
  6.9600000e+002  5.8625890e-003
  6.9700000e+002  5.8480900e-003
  6.9800000e+002  5.8334765e-003
  6.9900000e+002  5.8187492e-003
  7.0000000e+002  5.8039092e-003
  7.0100000e+002  5.7889574e-003
  7.0200000e+002  5.7738947e-003
  7.0300000e+002  5.7587222e-003
  7.0400000e+002  5.7434409e-003
  7.0500000e+002  5.7280518e-003
  7.0600000e+002  5.7125562e-003
  7.0700000e+002  5.6969551e-003
  7.0800000e+002  5.6812497e-003
  7.0900000e+002  5.6654413e-003
  7.1000000e+002  5.6495310e-003
  7.1100000e+002  5.6335200e-003
  7.1200000e+002  5.6174098e-003
  7.1300000e+002  5.6012015e-003
  7.1400000e+002  5.5848964e-003
  7.1500000e+002  5.5684960e-003
  7.1600000e+002  5.5520016e-003
  7.1700000e+002  5.5354144e-003
  7.1800000e+002  5.5187359e-003
  7.1900000e+002  5.5019675e-003
  7.2000000e+002  5.4851105e-003
  7.2100000e+002  5.4681664e-003
  7.2200000e+002  5.4511364e-003
  7.2300000e+002  5.4340220e-003
  7.2400000e+002  5.4168245e-003
  7.2500000e+002  5.3995453e-003
  7.2600000e+002  5.3821857e-003
  7.2700000e+002  5.3647471e-003
  7.2800000e+002  5.3472308e-003
  7.2900000e+002  5.3296380e-003
  7.3000000e+002  5.3119701e-003
  7.3100000e+002  5.2942281e-003
  7.3200000e+002  5.2764134e-003
  7.3300000e+002  5.2585270e-003
  7.3400000e+002  5.2405701e-003
  7.3500000e+002  5.2225438e-003
  7.3600000e+002  5.2044490e-003
  7.3700000e+002  5.1862867e-003
  7.3800000e+002  5.1680578e-003
  7.3900000e+002  5.1497631e-003
  7.4000000e+002  5.1314034e-003
  7.4100000e+002  5.1129795e-003
  7.4200000e+002  5.0944918e-003
  7.4300000e+002  5.0759410e-003
  7.4400000e+002  5.0573276e-003
  7.4500000e+002  5.0386518e-003
  7.4600000e+002  5.0199141e-003
  7.4700000e+002  5.0011145e-003
  7.4800000e+002  4.9822531e-003
  7.4900000e+002  4.9633300e-003
  7.5000000e+002  4.9443450e-003
  7.5100000e+002  4.9252978e-003
  7.5200000e+002  4.9061882e-003
  7.5300000e+002  4.8870156e-003
  7.5400000e+002  4.8677794e-003
  7.5500000e+002  4.8484790e-003
  7.5600000e+002  4.8291135e-003
  7.5700000e+002  4.8096818e-003
  7.5800000e+002  4.7901829e-003
  7.5900000e+002  4.7706156e-003
  7.6000000e+002  4.7509784e-003
  7.6100000e+002  4.7312698e-003
  7.6200000e+002  4.7114881e-003
  7.6300000e+002  4.6916315e-003
  7.6400000e+002  4.6716981e-003
  7.6500000e+002  4.6516857e-003
  7.6600000e+002  4.6315921e-003
  7.6700000e+002  4.6114149e-003
  7.6800000e+002  4.5911515e-003
  7.6900000e+002  4.5707994e-003
  7.7000000e+002  4.5503556e-003
  7.7100000e+002  4.5298172e-003
  7.7200000e+002  4.5091812e-003
  7.7300000e+002  4.4884444e-003
  7.7400000e+002  4.4676033e-003
  7.7500000e+002  4.4466547e-003
  7.7600000e+002  4.4255948e-003
  7.7700000e+002  4.4044202e-003
  7.7800000e+002  4.3831271e-003
  7.7900000e+002  4.3617116e-003
  7.8000000e+002  4.3401699e-003
  7.8100000e+002  4.3184981e-003
  7.8200000e+002  4.2966921e-003
  7.8300000e+002  4.2747480e-003
  7.8400000e+002  4.2526618e-003
  7.8500000e+002  4.2304294e-003
  7.8600000e+002  4.2080470e-003
  7.8700000e+002  4.1855105e-003
  7.8800000e+002  4.1628162e-003
  7.8900000e+002  4.1399602e-003
  7.9000000e+002  4.1169389e-003
  7.9100000e+002  4.0937489e-003
  7.9200000e+002  4.0703867e-003
  7.9300000e+002  4.0468494e-003
  7.9400000e+002  4.0231341e-003
  7.9500000e+002  3.9992380e-003
  7.9600000e+002  3.9751590e-003
  7.9700000e+002  3.9508952e-003
  7.9800000e+002  3.9264449e-003
  7.9900000e+002  3.9018071e-003
  8.0000000e+002  3.8769811e-003
  8.0100000e+002  3.8519669e-003
  8.0200000e+002  3.8267648e-003
  8.0300000e+002  3.8013754e-003
  8.0400000e+002  3.7757996e-003
  8.0500000e+002  3.7500382e-003
  8.0600000e+002  3.7240924e-003
  8.0700000e+002  3.6979633e-003
  8.0800000e+002  3.6716522e-003
  8.0900000e+002  3.6451605e-003
  8.1000000e+002  3.6184897e-003
  8.1100000e+002  3.5916412e-003
  8.1200000e+002  3.5646168e-003
  8.1300000e+002  3.5374179e-003
  8.1400000e+002  3.5100464e-003
  8.1500000e+002  3.4825040e-003
  8.1600000e+002  3.4547923e-003
  8.1700000e+002  3.4269133e-003
  8.1800000e+002  3.3988686e-003
  8.1900000e+002  3.3706600e-003
  8.2000000e+002  3.3422894e-003
  8.2100000e+002  3.3137585e-003
  8.2200000e+002  3.2850691e-003
  8.2300000e+002  3.2562230e-003
  8.2400000e+002  3.2272218e-003
  8.2500000e+002  3.1980674e-003
  8.2600000e+002  3.1687614e-003
  8.2700000e+002  3.1393055e-003
  8.2800000e+002  3.1097012e-003
  8.2900000e+002  3.0799503e-003
  8.3000000e+002  3.0500542e-003
  8.3100000e+002  3.0200145e-003
  8.3200000e+002  2.9898326e-003
  8.3300000e+002  2.9595100e-003
  8.3400000e+002  2.9290481e-003
  8.3500000e+002  2.8984482e-003
  8.3600000e+002  2.8677116e-003
  8.3700000e+002  2.8368396e-003
  8.3800000e+002  2.8058334e-003
  8.3900000e+002  2.7746942e-003
  8.4000000e+002  2.7434231e-003
  8.4100000e+002  2.7120211e-003
  8.4200000e+002  2.6804893e-003
  8.4300000e+002  2.6488286e-003
  8.4400000e+002  2.6170401e-003
  8.4500000e+002  2.5851245e-003
  8.4600000e+002  2.5530828e-003
  8.4700000e+002  2.5209157e-003
  8.4800000e+002  2.4886241e-003
  8.4900000e+002  2.4562085e-003
  8.5000000e+002  2.4236698e-003
  8.5100000e+002  2.3910085e-003
  8.5200000e+002  2.3582253e-003
  8.5300000e+002  2.3253206e-003
  8.5400000e+002  2.2922951e-003
  8.5500000e+002  2.2591492e-003
  8.5600000e+002  2.2258833e-003
  8.5700000e+002  2.1924979e-003
  8.5800000e+002  2.1589934e-003
  8.5900000e+002  2.1253701e-003
  8.6000000e+002  2.0916284e-003
  8.6100000e+002  2.0577685e-003
  8.6200000e+002  2.0237907e-003
  8.6300000e+002  1.9896952e-003
  8.6400000e+002  1.9554823e-003
  8.6500000e+002  1.9211521e-003
  8.6600000e+002  1.8867048e-003
  8.6700000e+002  1.8521405e-003
  8.6800000e+002  1.8174594e-003
  8.6900000e+002  1.7826615e-003
  8.7000000e+002  1.7477469e-003
  8.7100000e+002  1.7127157e-003
  8.7200000e+002  1.6775679e-003
  8.7300000e+002  1.6423035e-003
  8.7400000e+002  1.6069225e-003
  8.7500000e+002  1.5714249e-003
  8.7600000e+002  1.5358107e-003
  8.7700000e+002  1.5000799e-003
  8.7800000e+002  1.4642322e-003
  8.7900000e+002  1.4282678e-003
  8.8000000e+002  1.3921865e-003
  8.8100000e+002  1.3559882e-003
  8.8200000e+002  1.3196728e-003
  8.8300000e+002  1.2832402e-003
  8.8400000e+002  1.2466902e-003
  8.8500000e+002  1.2100228e-003
  8.8600000e+002  1.1732377e-003
  8.8700000e+002  1.1363349e-003
  8.8800000e+002  1.0993141e-003
  8.8900000e+002  1.0621753e-003
  8.9000000e+002  1.0249182e-003
  8.9100000e+002  9.8754258e-004
  8.9200000e+002  9.5004837e-004
  8.9300000e+002  9.1243534e-004
  8.9400000e+002  8.7470329e-004
  8.9500000e+002  8.3685203e-004
  8.9600000e+002  7.9888137e-004
  8.9700000e+002  7.6079109e-004
  8.9800000e+002  7.2258100e-004
  8.9900000e+002  6.8425088e-004
  9.0000000e+002  6.4580054e-004
  9.0100000e+002  6.0722976e-004
  9.0200000e+002  5.6853834e-004
  9.0300000e+002  5.2972607e-004
  9.0400000e+002  4.9079275e-004
  9.0500000e+002  4.5173816e-004
  9.0600000e+002  4.1256212e-004
  9.0700000e+002  3.7326441e-004
  9.0800000e+002  3.3384485e-004
  9.0900000e+002  2.9430324e-004
  9.1000000e+002  2.5463941e-004
  9.1100000e+002  2.1485315e-004
  9.1200000e+002  1.7494432e-004
  9.1300000e+002  1.3491273e-004
  9.1400000e+002  9.4758232e-005
  9.1500000e+002  5.4480675e-005
  9.1600000e+002  1.4079919e-005
  9.1700000e+002 -2.6444163e-005
  9.1800000e+002 -6.7091688e-005
  9.1900000e+002 -1.0786276e-004
  9.2000000e+002 -1.4875746e-004
  9.2100000e+002 -1.8977588e-004
  9.2200000e+002 -2.3091806e-004
  9.2300000e+002 -2.7218405e-004
  9.2400000e+002 -3.1357387e-004
  9.2500000e+002 -3.5508751e-004
  9.2600000e+002 -3.9672497e-004
  9.2700000e+002 -4.3848619e-004
  9.2800000e+002 -4.8037111e-004
  9.2900000e+002 -5.2237963e-004
  9.3000000e+002 -5.6451163e-004
  9.3100000e+002 -6.0676696e-004
  9.3200000e+002 -6.4914545e-004
  9.3300000e+002 -6.9164687e-004
  9.3400000e+002 -7.3427099e-004
  9.3500000e+002 -7.7701751e-004
  9.3600000e+002 -8.1988611e-004
  9.3700000e+002 -8.6287644e-004
  9.3800000e+002 -9.0598809e-004
  9.3900000e+002 -9.4922062e-004
  9.4000000e+002 -9.9257353e-004
  9.4100000e+002 -1.0360463e-003
  9.4200000e+002 -1.0796383e-003
  9.4300000e+002 -1.1233490e-003
  9.4400000e+002 -1.1671775e-003
  9.4500000e+002 -1.2111233e-003
  9.4600000e+002 -1.2551854e-003
  9.4700000e+002 -1.2993631e-003
  9.4800000e+002 -1.3436554e-003
  9.4900000e+002 -1.3880613e-003
  9.5000000e+002 -1.4325797e-003
  9.5100000e+002 -1.4772096e-003
  9.5200000e+002 -1.5219497e-003
  9.5300000e+002 -1.5667989e-003
  9.5400000e+002 -1.6117558e-003
  9.5500000e+002 -1.6568189e-003
  9.5600000e+002 -1.7019869e-003
  9.5700000e+002 -1.7472582e-003
  9.5800000e+002 -1.7926311e-003
  9.5900000e+002 -1.8381039e-003
  9.6000000e+002 -1.8836750e-003
  9.6100000e+002 -1.9293423e-003
  9.6200000e+002 -1.9751041e-003
  9.6300000e+002 -2.0209583e-003
  9.6400000e+002 -2.0669027e-003
  9.6500000e+002 -2.1129353e-003
  9.6600000e+002 -2.1590538e-003
  9.6700000e+002 -2.2052558e-003
  9.6800000e+002 -2.2515391e-003
  9.6900000e+002 -2.2979010e-003
  9.7000000e+002 -2.3443391e-003
  9.7100000e+002 -2.3908507e-003
  9.7200000e+002 -2.4374332e-003
  9.7300000e+002 -2.4840839e-003
  9.7400000e+002 -2.5307999e-003
  9.7500000e+002 -2.5775784e-003
  9.7600000e+002 -2.6244166e-003
  9.7700000e+002 -2.6713114e-003
  9.7800000e+002 -2.7182598e-003
  9.7900000e+002 -2.7652590e-003
  9.8000000e+002 -2.8123058e-003
  9.8100000e+002 -2.8593972e-003
  9.8200000e+002 -2.9065302e-003
  9.8300000e+002 -2.9537016e-003
  9.8400000e+002 -3.0009085e-003
  9.8500000e+002 -3.0481479e-003
  9.8600000e+002 -3.0954167e-003
  9.8700000e+002 -3.1427120e-003
  9.8800000e+002 -3.1900309e-003
  9.8900000e+002 -3.2373708e-003
  9.9000000e+002 -3.2847288e-003
  9.9100000e+002 -3.3321023e-003
  9.9200000e+002 -3.3794890e-003
  9.9300000e+002 -3.4268865e-003
  9.9400000e+002 -3.4742926e-003
  9.9500000e+002 -3.5217054e-003
  9.9600000e+002 -3.5691231e-003
  9.9700000e+002 -3.6165442e-003
  9.9800000e+002 -3.6639674e-003
  9.9900000e+002 -3.7113917e-003
  1.0000000e+003 -3.7588165e-003
